14370:
2.600000
4584:
3.700000
8619:
3.700000
3.600000
3.600000
2.600000
3.600000
3.700000
3.600000
3.500000
3.100000
6085:
4.500000
4.500000
4.100000
4.600000
4.000000
4.000000
3.700000
2.200000
4.100000
15389:
4.500000
3.900000
5561:
4.200000
2.500000
4.400000
3.700000
3.900000
3.300000
4.400000
4.200000
4.400000
3.400000
4.400000
4.000000
4.400000
3.900000
4.000000
3.800000
4.000000
3.800000
3.400000
4.300000
3.400000
4.000000
4.200000
3.900000
3.400000
4.100000
3.700000
3.100000
3.300000
4.000000
3.100000
3.900000
13352:
2.400000
12003:
3.800000
3.700000
3.900000
3.600000
3.700000
4.100000
3.700000
3.600000
3.900000
3.800000
4.000000
3.300000
3.800000
4.300000
3.600000
4.100000
3.100000
2.900000
3.300000
3.400000
2.600000
4.400000
4.100000
4.200000
3.600000
3.300000
4.000000
4.200000
4.000000
4.400000
3.800000
3.800000
3.400000
3.900000
4.200000
4.600000
3.100000
3.200000
4.100000
4.500000
3.900000
4.900000
3.800000
3.800000
4.000000
3.800000
3.700000
3.900000
3.000000
2.600000
15881:
3.000000
6123:
4.000000
3.800000
4.100000
2.500000
2.400000
1348:
2.700000
5732:
3.500000
3.700000
4.300000
4.400000
4.100000
3.500000
3.900000
3.900000
3.600000
4.400000
3.800000
3.600000
4.000000
3.400000
4.300000
1.600000
4.200000
3.500000
3.800000
4.200000
3.800000
4.000000
3.300000
4.000000
3.700000
3.700000
2.900000
4.000000
4.100000
3.700000
3.700000
4.300000
3.700000
3.400000
3.700000
3.900000
3.900000
4.000000
3.800000
3.700000
3.600000
3.900000
3.700000
4.200000
3.400000
3.700000
3.900000
7705:
3.900000
2.000000
2.600000
3.400000
11890:
4.000000
10276:
3.900000
424:
4.600000
3.300000
3.400000
3.300000
2.200000
3.700000
3.800000
3.400000
3.300000
4.100000
3.900000
4.900000
3.900000
3.800000
3.800000
4.000000
3.100000
3.800000
3.500000
3.800000
3.600000
4.000000
8539:
2.400000
2.900000
3.500000
3.700000
3.500000
4.100000
4.400000
8376:
3.700000
3.400000
3.300000
3.000000
4.400000
10271:
3.500000
3.700000
3.400000
3.400000
2.900000
3.200000
1.900000
226:
3.300000
8576:
3.600000
1897:
2.900000
12962:
4.400000
3835:
3.000000
2.000000
3.200000
4.000000
3.800000
4.300000
3.700000
2.500000
3.800000
3.100000
2.400000
2.800000
13102:
4.400000
2.700000
3.900000
2.800000
3.800000
2.200000
2.800000
4.000000
10851:
4.400000
2.900000
4.400000
4.700000
3.500000
7055:
3.900000
4.100000
3.500000
3.800000
3.700000
3.000000
3.400000
4.300000
3.300000
4.100000
3.800000
3.000000
4.300000
4.200000
4.600000
3.600000
4.000000
4.100000
4.000000
3.400000
3.700000
3.300000
3.900000
4.200000
4.500000
3.400000
3.700000
3.300000
4.200000
3.200000
2.600000
3.500000
4.100000
3.700000
3.700000
2.700000
3.100000
4.200000
4.300000
4.300000
3.400000
4.300000
3.900000
3.800000
4.000000
4.000000
3.300000
3.400000
3.300000
3.600000
4.100000
4.300000
4.200000
3.900000
3.700000
3.700000
3.900000
4.100000
3.700000
4.500000
4.100000
3.600000
4.500000
4.400000
4.200000
3.500000
3.500000
3.800000
3.000000
3.100000
4.300000
2.700000
3.600000
3.500000
3.800000
3.100000
2.900000
3.300000
4.200000
3.000000
3.900000
3.400000
3.700000
3.400000
3.700000
3.400000
2.300000
4.800000
4.300000
3.700000
3.700000
4.100000
3.800000
3.500000
3.600000
3.900000
4.100000
4.800000
3.700000
4.600000
4.400000
3.800000
3.800000
4.200000
4.100000
4.400000
4.000000
4.200000
3.900000
4.300000
2.800000
3.400000
8936:
2.900000
4.100000
3.300000
2.900000
13953:
3.400000
4.000000
3.200000
2037:
2.800000
4.300000
3.500000
3.800000
2.500000
3.300000
2.800000
4.600000
2.600000
3.700000
2554:
2.500000
4.400000
2.900000
4.100000
4.500000
3.500000
3.200000
3.800000
3.700000
3.300000
3.500000
3.600000
3.700000
4.100000
3.600000
3.500000
3.700000
4.400000
4.000000
3.600000
17603:
3.300000
3.800000
4.500000
4.800000
1.900000
2.600000
2.700000
3.300000
2.800000
1.900000
10680:
3.500000
3.600000
2.900000
3.800000
2.900000
2.300000
3.500000
3.500000
2.100000
3.500000
3.600000
3.700000
4.400000
4.300000
3.400000
3.600000
3.800000
3.200000
3.700000
4.000000
2.800000
2.900000
3.700000
4.000000
4.000000
4.300000
4.500000
4.200000
3.900000
8179:
3.600000
7693:
2.100000
3.800000
3.900000
3.600000
17243:
3.900000
2.900000
2.100000
2.900000
2.900000
4.000000
5936:
3.000000
6972:
4.300000
3.300000
4.800000
3.400000
4.600000
3.900000
2.900000
4.100000
3.100000
3.800000
2.800000
2.700000
3.200000
3.600000
4.100000
3.700000
3.000000
4.200000
4.100000
3.000000
4.600000
4.000000
3.700000
3.300000
3.600000
3.700000
4.600000
3.900000
3.200000
3.300000
2.800000
3.400000
4.700000
4.300000
3.800000
3.400000
3.700000
2.700000
3.400000
3.500000
3.000000
3.200000
4.300000
2.900000
2.700000
3.300000
3.400000
3.500000
3.500000
4.000000
3.500000
3.200000
3.400000
3.800000
4.000000
3.500000
4.200000
3.900000
3.200000
1.900000
2.750000
3.200000
3.800000
3.000000
3.700000
3.800000
3.600000
3.100000
3.400000
2.750000
4.800000
3.600000
3.500000
3.600000
3.400000
3.000000
3.700000
4.100000
4.000000
3.700000
4.400000
3.900000
4.000000
4.000000
3.600000
3.100000
3.600000
3.500000
4.100000
3.900000
3.800000
3.400000
2.900000
4.400000
3.800000
2.500000
2.600000
3.500000
2.800000
3.700000
3.000000
3.200000
3.300000
3.500000
3.000000
4.000000
3.000000
4.700000
3.300000
4.400000
3.400000
3.400000
2.900000
3.100000
3.000000
3.700000
2.800000
3.500000
4.100000
4.100000
4.100000
2.900000
3.800000
3.200000
3.400000
3.200000
3.800000
16821:
3.100000
12497:
2.900000
3.400000
4.000000
3.300000
4.100000
4.400000
2.700000
4.200000
3.500000
3.700000
3.500000
3.400000
3.500000
2.500000
2.900000
2.900000
4.000000
3.400000
2.900000
3.857143
4.500000
3.500000
3.400000
3.400000
4.100000
4.400000
3.300000
4.100000
3.900000
3.700000
3.200000
3.400000
4.200000
3.500000
3.700000
3.500000
3.300000
3.300000
3.700000
3.800000
3.300000
2.900000
3.200000
2.800000
2.800000
3.300000
3.300000
3.300000
4.000000
4.200000
3.900000
3.200000
3.000000
3.000000
3.000000
3.700000
3.400000
3.200000
3.400000
3.600000
3.100000
4.600000
3.700000
3.700000
3.400000
1.800000
3.300000
3.300000
3.800000
2.800000
3.600000
3.700000
4.000000
3.600000
3.100000
3.300000
2.100000
2.800000
3.400000
2.300000
3.500000
3.400000
3.400000
3.700000
3.000000
3.200000
4.700000
3.500000
3.100000
3.800000
4.000000
3.000000
4.200000
3.500000
3.600000
4.600000
2.500000
3.300000
3.800000
3.100000
2.800000
3.700000
4.400000
4.000000
3.300000
3.900000
4.200000
2.900000
3.000000
3.400000
4.000000
2.800000
3.400000
3.600000
3.600000
3.300000
3.900000
3.800000
2.800000
3.700000
4.000000
3.700000
3.300000
2.500000
3.000000
3.300000
3.600000
3.800000
3.200000
3.800000
2.666667
3.200000
3.700000
3.800000
3.900000
3.900000
4.000000
3.600000
3.600000
3.500000
4.300000
3.300000
2.500000
3.000000
3.600000
3.200000
4.400000
3.100000
4.000000
3.100000
4.000000
4.100000
3.500000
3.700000
2.900000
3.200000
3.500000
2.800000
4.000000
3.600000
3.500000
2.900000
12274:
3.400000
3.300000
2.900000
662:
3.500000
4.000000
4.100000
3.500000
2.800000
4.100000
3.300000
3.200000
3.700000
3.900000
3.300000
3.700000
3.700000
4.200000
3.400000
4.300000
3.200000
4.300000
3.600000
4.000000
4.100000
3.400000
4.000000
4.500000
4.100000
4.100000
3.800000
3.300000
4.300000
4.600000
4.700000
4.200000
3.500000
4.000000
3.400000
3.900000
3.700000
3.000000
3.600000
3.400000
3.300000
3.400000
2.500000
4.100000
4.600000
4.500000
3.700000
3.600000
4.100000
3.800000
11707:
4.600000
4.500000
2.900000
3.300000
3.500000
4474:
2.600000
3.200000
3.200000
3.900000
2.500000
3.500000
3.300000
3.300000
3.600000
3.200000
3.300000
3.300000
2.200000
3.100000
3.200000
3.600000
2.700000
10608:
3.800000
3.700000
3.900000
3.800000
2.700000
3.100000
4.000000
3.700000
3.900000
3.700000
3.600000
3.400000
3.600000
3.200000
3.400000
3.800000
4847:
3.700000
3.100000
3.900000
3.900000
2.600000
3.200000
4.300000
2.900000
3.300000
3.800000
4.400000
3.600000
4.500000
4.500000
4.200000
3.400000
4.700000
3.700000
3.900000
3.800000
4.300000
3.800000
4.000000
3.800000
3.400000
4.300000
4.000000
3.400000
3.800000
3.500000
3.300000
3.700000
3.200000
3.900000
4.300000
4.200000
3.300000
3.600000
4.100000
4.300000
4.000000
3.900000
3.500000
4.600000
2.800000
3.800000
3.500000
4.600000
3.700000
3.500000
4.300000
4.200000
3.500000
4.100000
4.500000
3.700000
4.500000
4.300000
2.900000
4.500000
4.200000
4.500000
3.400000
3.500000
4.300000
3.500000
3.900000
3.500000
4.400000
3.700000
3.700000
3.500000
4.100000
4.100000
3.700000
3.700000
3.000000
4.800000
3.400000
3.800000
3.600000
4.200000
3.100000
4.200000
2.900000
3.400000
3.900000
3.700000
3.300000
3.600000
4.100000
4.000000
3.500000
4.300000
3.200000
3.300000
4.600000
4.300000
4.500000
4.600000
3.900000
4.400000
4.300000
2.800000
4.100000
3.900000
3.700000
4.500000
3.900000
4.300000
3.800000
4.200000
4.600000
3.500000
3.800000
2.800000
3.400000
3.700000
4.800000
3.800000
3.900000
4.900000
4.000000
2.800000
3.400000
2.750000
3.900000
3.900000
2.700000
4.000000
4.100000
3.100000
3.800000
3.900000
4.000000
4.100000
4.800000
3.700000
3.900000
4.200000
4.400000
4.600000
3.800000
3.900000
4.400000
3.600000
2.900000
4.600000
4.000000
4.500000
4.600000
3.500000
3.400000
4.900000
4.000000
4.500000
3.200000
3.800000
4.000000
3.600000
3.300000
3.600000
3.600000
4.700000
4.200000
3.000000
4.600000
3.400000
4.800000
3.600000
3.900000
4.100000
3.700000
3.300000
3.800000
4.100000
3.200000
4.700000
3.800000
3.700000
4.000000
3.800000
3.000000
4.200000
3.400000
3.100000
3.100000
1.800000
4.200000
4.700000
3.600000
3.000000
4.400000
3.600000
4.200000
4.500000
3.800000
4.600000
4.400000
4.000000
3.900000
4.000000
4.000000
3.700000
4.100000
4.200000
2.900000
3.900000
4.400000
4.000000
3.200000
3.600000
3.700000
4.700000
3.800000
3.600000
3.500000
3.900000
4.000000
3.700000
3.900000
4.200000
4.400000
3.600000
4.200000
4.200000
3.600000
3.900000
4.400000
4.200000
3.900000
3.600000
4.100000
3.900000
3.800000
4.400000
3.600000
3.700000
3.300000
3.800000
3.700000
3.800000
3.400000
4.300000
4.100000
3.100000
4.400000
3.700000
4.600000
4.000000
4.100000
3.500000
4.000000
3.700000
3.500000
3.700000
3.700000
4.000000
4.000000
3.300000
3.700000
3.900000
3.800000
4.000000
3.600000
3.600000
3.700000
15674:
3.300000
4.300000
3.500000
3.900000
3.700000
3.500000
3.200000
3.700000
2.700000
3.700000
2.800000
3.500000
3.700000
4.500000
3.700000
4.000000
4.800000
4.600000
2.900000
4.100000
3.100000
3.700000
3.700000
2.600000
3.600000
3.300000
4.000000
4.000000
3.800000
3.900000
3.300000
4.000000
2.800000
3.400000
4.600000
4.000000
3.700000
3.800000
3.800000
4.100000
3.900000
3.400000
4.200000
3.200000
3.300000
2.800000
3.200000
3.700000
3.900000
3.500000
2.750000
4.400000
3.900000
3.600000
3.600000
3.600000
4.100000
3.900000
3.000000
3.800000
3.300000
4.300000
4.100000
4.500000
4.100000
4.250000
4.600000
3.700000
3.500000
4.500000
3.500000
4.700000
3.100000
2.700000
4.000000
3.600000
3.800000
4.500000
3.500000
3.000000
3.500000
3.300000
4.000000
3.900000
3.700000
4.200000
3.200000
3.000000
4.000000
4.500000
3.800000
3.500000
3.400000
2.800000
3.200000
3.100000
4.100000
4.000000
4.400000
3.500000
3.700000
3.500000
2.400000
3.900000
4.500000
3.900000
2.100000
15358:
3.500000
3.000000
3.100000
3.600000
4.700000
3.500000
2.100000
11283:
3.200000
3.200000
6632:
3.200000
3.500000
3.000000
2.600000
2.700000
4.100000
3.100000
2.600000
2.800000
3.600000
4.000000
2.750000
4.100000
4.000000
3.400000
1.900000
3.200000
3.900000
15440:
3.300000
3.400000
3.500000
4.600000
3.700000
3.100000
3.500000
3.100000
3.300000
3.700000
4.000000
3.200000
3.700000
3.600000
3.700000
3.100000
3.400000
3.300000
3.200000
3.400000
3.800000
4.300000
2.300000
4.300000
3.700000
4.100000
3.700000
3.300000
4.000000
3.900000
3.400000
2.800000
4.200000
3.000000
3.300000
2.200000
4.000000
3.500000
3.800000
3.400000
2.600000
4.200000
2.200000
3.100000
3.300000
4.100000
4.200000
4.100000
4.200000
3.100000
4.500000
3.200000
3.200000
8783:
3.200000
4081:
2.600000
3.800000
3.000000
1.400000
1263:
3.200000
7219:
4.100000
3.600000
3.100000
16128:
4.200000
4.000000
3.800000
3.100000
3.400000
4.400000
3.900000
3.500000
3.200000
3.800000
3.800000
4.500000
3.700000
2.900000
4.100000
2.800000
2.500000
3.800000
4.500000
3.300000
4.100000
4.400000
3.800000
3.600000
3.800000
3.400000
3.900000
3.400000
3.800000
3.800000
4.100000
4.100000
3.800000
3.500000
3.900000
4.300000
3.500000
3.900000
4.400000
3.600000
4.000000
2.800000
4.100000
4.600000
4.400000
3.200000
3.600000
3.888889
3.600000
3.700000
4.000000
4.400000
2.777778
4.500000
3.800000
4.900000
3.700000
3.100000
3.375000
2.700000
3.200000
3.300000
3.400000
3.900000
3.500000
3.100000
4.200000
4.600000
4.300000
3.600000
3.500000
4.100000
3.700000
3.600000
3.500000
4.100000
3.400000
3.200000
3.500000
4.200000
3.000000
3.500000
4.300000
3.300000
3.700000
3.100000
4.100000
3.500000
3.300000
3.100000
3.300000
3.000000
2.900000
4.200000
3.700000
3.600000
4.100000
3.200000
4.200000
4.000000
3.800000
4.300000
3.600000
4.200000
4.300000
3.500000
3.700000
2.833333
4.200000
2.900000
3.400000
3.400000
4.700000
3.200000
4.100000
2.900000
3.900000
3.600000
3.800000
3.800000
2.400000
2.000000
4.400000
3.900000
2.900000
2.800000
4.100000
3.400000
4.600000
3.400000
3.600000
3.300000
4.400000
3.200000
4.200000
3.000000
4.700000
4.600000
4.500000
3.000000
3.400000
3.600000
3.800000
4.300000
3.700000
3.600000
2.500000
3.900000
3.200000
3.400000
3.200000
3.900000
4.000000
2.800000
3.800000
4.300000
3.600000
3.500000
3.100000
3.700000
3.200000
2.750000
3.500000
3.300000
3.800000
3.500000
3.800000
3.250000
3.200000
3.800000
4.000000
3.700000
2.500000
3.000000
3.400000
4.300000
3.500000
3.200000
4.000000
3.500000
4.000000
3.700000
3.400000
2.400000
3.800000
3.200000
3.600000
3.800000
3.600000
3.100000
3.500000
3.900000
2.700000
3.300000
3.800000
4.300000
2.700000
3.400000
3.900000
3.800000
3.100000
2.600000
3.400000
3.500000
3.300000
3.800000
3.500000
4.300000
3.900000
3.400000
3.300000
3.600000
3.300000
3.300000
4.222222
3.800000
4.000000
4.300000
4.100000
3.900000
4.100000
4.100000
3.400000
4.100000
3.500000
3.700000
4.500000
3.700000
3.300000
4.100000
3.800000
4.500000
4.400000
3.600000
4.000000
4.200000
4.400000
4.600000
4.500000
4.400000
3.900000
4.000000
3.000000
4.200000
3.800000
3.400000
4.200000
4.000000
3.900000
4.000000
3.700000
3.100000
4.400000
3.500000
3.300000
4.700000
3.300000
3.500000
4.000000
1.666667
2.100000
4.300000
3.400000
3.700000
2.900000
3.500000
4.400000
3.900000
2.400000
3.200000
3.700000
4.300000
4.600000
4.300000
4.700000
4.200000
3.600000
4.100000
4.500000
4.200000
4.500000
3.500000
3.300000
4.400000
4.400000
3.600000
3.800000
3.600000
3.900000
3.700000
3.900000
4.600000
2.700000
3.100000
3.200000
4.100000
4.100000
3.300000
2.700000
3.800000
2.900000
4.100000
3.700000
4.300000
3.400000
3.100000
3.600000
4.300000
3.800000
3.400000
3.200000
3.300000
4.200000
3.800000
4.000000
3.900000
3.000000
3.200000
3.900000
4.300000
4.600000
3.400000
4.000000
4.000000
3.200000
3.600000
3.700000
3.400000
4.500000
3.500000
2.900000
3.600000
4.100000
3.800000
3.900000
2.700000
3.500000
3.400000
4.300000
4.100000
3.900000
4.300000
3.600000
4.000000
4.400000
3.700000
4.300000
3.300000
4.600000
3.800000
4.200000
3.300000
4.300000
3.300000
3.300000
3.900000
3.500000
3.500000
3.300000
4.500000
2.900000
3.100000
3.800000
3.900000
2.900000
4.400000
3.400000
3.200000
3.900000
4.200000
2.900000
3.300000
4.200000
3.100000
3.700000
4.100000
4.500000
3.600000
3.900000
3.900000
3.400000
4.200000
3.500000
3.400000
3.500000
2.800000
4.300000
4.100000
3.900000
4.200000
3.800000
2.900000
2.100000
3.500000
3.700000
4.700000
3.700000
3.700000
2.500000
3.400000
4.100000
3.300000
3.700000
4.300000
4.500000
3.500000
3.000000
3.100000
4.600000
3.400000
4.000000
4.500000
3.100000
2.700000
3.300000
3.600000
3.700000
3.700000
4.500000
4.600000
3.400000
4.100000
3.400000
2.200000
3.000000
3.300000
3.700000
3.400000
2.200000
4.000000
3.400000
3.900000
2.700000
4.300000
4.100000
4.100000
4.600000
3.800000
4.200000
3.800000
3.400000
4.000000
3.600000
4.800000
4.800000
3.500000
3.800000
3.600000
3.300000
3.800000
3.900000
4.200000
3.600000
3.900000
4.300000
4.300000
3.100000
3.000000
3.000000
4.300000
3.900000
4.500000
3.900000
3.400000
3.100000
2.600000
3.700000
3.800000
4.300000
3.700000
2.500000
3.400000
2.800000
4.200000
3.000000
2.600000
3.500000
2.900000
4.100000
4.100000
4.000000
3.400000
3.700000
3.800000
3.400000
3.800000
4.700000
3.300000
4.200000
3.600000
4.700000
4.300000
4.200000
3.300000
3.700000
4.400000
3.500000
3.200000
3.300000
2.900000
4.300000
3.100000
4.600000
4.200000
3.800000
3.400000
3.700000
4.300000
4.800000
3.100000
3.200000
3.600000
3.900000
3.600000
3.400000
3.800000
3.800000
3.900000
3.200000
4.300000
3.600000
3.800000
4.400000
3.200000
3.600000
4.700000
4.000000
3.900000
3.400000
3.300000
3.400000
3.700000
4.100000
4.300000
4.600000
3.000000
4.100000
3.200000
4.200000
4.300000
4.200000
4.300000
3.700000
3.900000
3.600000
3.400000
2.400000
3.500000
3.400000
3.800000
3.600000
3.600000
3.400000
3.800000
4.300000
4.000000
4.600000
4.500000
4.300000
4.300000
3.800000
3.300000
4.000000
3.300000
4.000000
3.600000
3.900000
3.300000
3.100000
3.100000
3.400000
3.600000
4.400000
4.200000
4.300000
2.800000
3.000000
3.800000
3.800000
3.200000
3.400000
4.000000
3.900000
3.900000
3.700000
2.700000
3.400000
4.400000
3.300000
3.400000
3.400000
3.500000
5.000000
2.000000
3.700000
3.900000
3.000000
3.500000
3.000000
4.100000
3.400000
4.700000
4.500000
4.300000
3.700000
3.600000
3.100000
3.800000
3.700000
3.200000
4.500000
3.500000
4.100000
3.300000
3.600000
12730:
3.900000
4.000000
4.400000
3.300000
3.500000
3.200000
2.300000
4.000000
4.200000
14632:
3.500000
3.600000
3.700000
3.800000
2.800000
4.000000
10510:
2.900000
3.800000
3.600000
3.100000
16650:
3.500000
14497:
3.000000
2.300000
7180:
4.200000
3.500000
2.700000
3.500000
4.100000
2.900000
3.700000
3.400000
3.900000
3.700000
3.400000
4.100000
2.900000
3.200000
2.300000
3.800000
2.800000
4.000000
3.200000
15113:
4.000000
