14370:
2.716667
4584:
2.600000
8619:
3.350000
3.200000
3.100000
2.950000
3.100000
3.300000
3.400000
3.350000
3.200000
6085:
4.200000
4.150000
3.850000
4.100000
4.050000
3.750000
3.600000
2.900000
3.900000
15389:
4.200000
3.850000
5561:
3.850000
3.250000
4.250000
4.050000
3.950000
3.550000
4.400000
4.100000
4.200000
3.800000
4.200000
4.100000
4.200000
3.900000
3.600000
3.650000
4.050000
3.950000
3.750000
4.150000
3.750000
3.700000
4.200000
3.950000
3.550000
3.900000
3.700000
3.500000
3.700000
4.200000
3.400000
3.950000
13352:
2.512500
12003:
3.700000
3.600000
3.450000
3.700000
3.550000
3.850000
3.800000
3.350000
3.650000
3.400000
3.850000
3.450000
3.350000
3.850000
3.500000
3.850000
3.500000
3.350000
3.300000
3.550000
2.850000
4.250000
4.150000
3.950000
3.450000
3.550000
3.750000
3.800000
3.850000
4.100000
3.550000
3.600000
3.550000
3.800000
4.000000
3.850000
3.400000
3.250000
3.600000
4.150000
3.700000
4.150000
3.500000
3.400000
3.500000
3.700000
3.550000
3.800000
3.200000
3.150000
15881:
3.000000
6123:
3.300000
3.250000
3.350000
2.550000
2.650000
1348:
2.707143
5732:
3.650000
4.050000
3.950000
4.100000
4.200000
3.600000
4.100000
3.950000
3.800000
4.100000
4.000000
4.000000
4.050000
3.500000
4.150000
3.150000
4.050000
3.750000
3.650000
4.400000
3.700000
4.000000
3.450000
4.050000
4.000000
4.150000
3.550000
3.800000
3.900000
4.150000
3.750000
3.900000
3.600000
3.600000
4.000000
4.300000
4.000000
4.100000
4.150000
3.950000
3.750000
3.950000
3.850000
4.050000
3.700000
3.750000
4.150000
7705:
3.350000
2.250000
3.000000
3.100000
11890:
3.650000
10276:
4.150000
424:
4.200000
3.250000
3.400000
3.400000
2.350000
3.900000
3.950000
3.350000
3.300000
3.700000
3.800000
4.500000
3.800000
3.500000
3.750000
3.950000
3.300000
3.600000
3.800000
3.750000
3.750000
3.550000
8539:
2.900000
3.150000
3.600000
3.750000
3.400000
3.800000
4.100000
8376:
3.550000
3.800000
3.500000
3.150000
3.950000
10271:
3.250000
3.450000
3.450000
3.250000
3.200000
3.300000
2.550000
226:
2.650000
8576:
3.100000
1897:
3.150000
12962:
3.637500
3835:
2.700000
2.250000
3.150000
3.450000
3.550000
3.550000
2.850000
2.450000
3.450000
2.800000
2.250000
2.650000
13102:
3.250000
2.650000
3.200000
2.850000
3.450000
2.150000
2.850000
3.350000
10851:
4.150000
3.050000
3.900000
4.250000
3.450000
7055:
3.550000
3.600000
3.350000
3.500000
3.450000
3.100000
3.750000
3.850000
2.950000
3.550000
3.500000
3.350000
4.000000
3.800000
4.100000
3.500000
3.500000
3.550000
3.700000
3.350000
3.600000
3.400000
3.350000
3.850000
3.850000
3.450000
3.450000
3.550000
3.700000
3.350000
3.150000
3.250000
3.750000
3.700000
3.200000
2.650000
3.300000
3.800000
4.100000
3.750000
3.250000
3.900000
3.700000
3.650000
3.600000
3.500000
3.400000
3.450000
3.250000
3.600000
3.950000
3.700000
3.850000
3.750000
3.600000
3.550000
3.600000
3.950000
3.550000
4.150000
3.650000
3.400000
3.550000
4.000000
3.800000
3.600000
3.700000
3.550000
3.250000
3.250000
3.800000
3.150000
3.300000
3.500000
3.450000
3.500000
3.200000
3.450000
3.700000
3.350000
3.500000
3.500000
3.450000
3.350000
3.550000
3.400000
2.850000
4.150000
4.050000
3.800000
3.800000
3.850000
3.500000
3.000000
3.350000
3.650000
3.950000
4.050000
3.550000
4.150000
3.850000
3.650000
3.750000
4.000000
3.800000
4.150000
3.750000
3.900000
3.750000
3.900000
3.250000
3.150000
8936:
2.450000
3.050000
2.650000
2.450000
13953:
3.255556
3.555556
3.155556
2037:
3.050000
3.850000
3.100000
3.300000
2.650000
3.050000
2.850000
3.650000
2.500000
3.350000
2554:
2.950000
3.500000
3.050000
3.800000
3.700000
3.500000
3.450000
4.050000
3.300000
3.250000
3.350000
3.550000
3.550000
3.850000
3.400000
3.550000
3.600000
3.750000
3.550000
3.800000
17603:
2.500000
2.900000
3.100000
3.400000
1.850000
2.250000
2.150000
2.550000
2.200000
1.950000
10680:
2.950000
3.000000
2.600000
3.400000
3.000000
2.250000
3.000000
2.900000
2.250000
3.100000
3.450000
2.950000
3.650000
3.350000
3.000000
2.600000
3.400000
2.750000
3.300000
3.250000
2.100000
2.550000
3.250000
3.350000
3.150000
3.450000
3.450000
3.150000
3.000000
8179:
2.300000
7693:
2.200000
3.300000
3.250000
3.200000
17243:
3.100000
3.000000
2.350000
2.850000
2.850000
3.500000
5936:
3.200000
6972:
4.150000
3.400000
4.000000
3.450000
4.400000
4.000000
2.800000
3.600000
2.800000
3.850000
2.850000
2.650000
3.350000
3.750000
3.750000
3.500000
2.900000
4.050000
3.750000
3.250000
4.000000
3.450000
3.300000
2.950000
3.100000
3.000000
3.900000
3.700000
2.750000
3.200000
2.800000
3.650000
4.250000
3.450000
3.700000
2.950000
3.650000
3.200000
2.900000
3.250000
3.050000
3.400000
3.750000
2.950000
3.300000
2.900000
3.600000
3.350000
3.450000
3.800000
3.750000
3.150000
3.300000
3.750000
3.800000
3.350000
4.400000
3.650000
2.550000
2.000000
3.075000
3.350000
3.900000
2.850000
4.000000
3.250000
3.350000
3.250000
3.550000
2.675000
3.900000
3.700000
3.300000
3.050000
3.100000
2.550000
3.450000
3.650000
3.800000
3.550000
4.050000
3.650000
3.350000
3.550000
3.750000
2.850000
3.700000
3.650000
3.450000
3.600000
3.600000
3.350000
2.700000
3.300000
3.950000
2.550000
3.300000
3.350000
2.950000
3.700000
2.800000
2.700000
3.600000
3.600000
3.050000
3.600000
2.900000
4.250000
3.450000
3.550000
3.550000
3.500000
3.200000
3.500000
3.150000
3.750000
2.800000
3.500000
3.450000
4.000000
3.650000
2.850000
3.200000
2.850000
3.550000
3.450000
3.800000
16821:
3.450000
12497:
3.150000
3.250000
3.450000
3.250000
3.650000
3.950000
2.850000
3.700000
3.450000
3.500000
3.350000
3.150000
3.450000
3.000000
2.950000
2.700000
3.650000
3.200000
3.200000
3.478571
3.750000
3.250000
3.100000
3.450000
3.900000
3.900000
3.000000
3.800000
3.450000
3.450000
3.100000
3.400000
3.950000
3.400000
3.350000
3.150000
3.300000
3.150000
3.100000
3.700000
3.450000
3.000000
3.100000
3.000000
3.150000
3.300000
3.050000
3.250000
3.550000
3.800000
3.200000
3.350000
2.950000
3.100000
3.350000
3.450000
3.400000
3.300000
3.350000
3.450000
3.150000
4.100000
3.150000
3.300000
3.200000
2.500000
3.100000
3.100000
3.550000
2.800000
3.450000
3.350000
3.700000
3.450000
3.250000
3.350000
2.650000
3.000000
3.250000
2.700000
3.350000
3.400000
3.200000
3.300000
3.150000
3.200000
3.650000
3.150000
3.300000
3.600000
3.750000
2.900000
3.900000
3.550000
3.300000
3.650000
3.100000
3.300000
3.500000
3.150000
2.900000
3.300000
3.700000
3.400000
3.250000
3.550000
3.900000
3.100000
3.050000
3.250000
3.450000
2.900000
3.250000
3.350000
3.400000
2.900000
3.550000
3.450000
2.850000
3.500000
3.600000
3.350000
3.250000
2.600000
2.950000
3.250000
3.400000
3.450000
3.300000
3.350000
2.933333
2.950000
3.350000
3.550000
3.500000
3.700000
3.350000
3.250000
3.350000
3.350000
3.950000
3.150000
2.750000
3.000000
3.300000
3.150000
3.850000
3.150000
3.450000
3.100000
3.550000
3.650000
3.450000
3.500000
3.000000
3.250000
3.000000
2.950000
3.700000
3.450000
3.300000
3.100000
12274:
3.250000
3.200000
3.000000
662:
3.650000
3.600000
3.850000
3.500000
3.300000
3.750000
3.700000
3.550000
3.500000
4.000000
3.350000
3.600000
3.550000
3.850000
3.300000
3.950000
3.300000
4.000000
3.550000
3.650000
3.650000
3.100000
3.500000
3.950000
4.000000
3.550000
3.650000
3.350000
4.100000
4.100000
4.300000
3.900000
3.300000
3.850000
3.250000
3.950000
3.250000
3.300000
3.400000
3.300000
3.250000
3.400000
3.200000
3.900000
4.150000
4.050000
3.300000
3.400000
3.800000
3.800000
11707:
3.400000
3.400000
2.400000
2.950000
2.800000
4474:
2.800000
3.100000
3.000000
3.300000
2.700000
3.400000
3.000000
3.150000
3.250000
2.900000
3.200000
2.950000
2.550000
2.850000
3.200000
3.000000
2.850000
10608:
4.000000
3.700000
3.500000
3.650000
3.350000
3.300000
3.850000
3.850000
3.700000
3.800000
3.400000
3.550000
3.900000
3.300000
3.350000
3.850000
4847:
3.800000
3.500000
3.800000
3.850000
3.050000
3.600000
4.150000
3.450000
3.400000
3.600000
4.200000
3.550000
4.050000
4.200000
3.750000
3.600000
4.350000
3.900000
4.000000
3.700000
4.150000
4.150000
3.900000
3.750000
3.600000
4.150000
3.850000
3.650000
3.950000
3.800000
3.600000
4.000000
3.550000
3.800000
3.950000
3.800000
3.500000
3.850000
3.950000
3.950000
3.800000
3.700000
3.750000
4.050000
3.350000
3.700000
3.350000
4.250000
3.650000
3.950000
4.000000
4.000000
3.800000
4.050000
4.400000
3.850000
4.150000
4.150000
3.450000
4.300000
4.150000
4.150000
3.800000
3.700000
4.050000
3.350000
3.900000
3.800000
4.350000
3.850000
3.850000
3.550000
4.000000
3.800000
3.900000
3.600000
3.450000
4.250000
3.800000
4.000000
3.750000
4.400000
3.500000
4.200000
3.500000
3.650000
3.850000
3.900000
3.700000
3.750000
4.300000
4.050000
3.650000
4.050000
3.700000
3.550000
4.100000
4.300000
3.950000
4.250000
4.000000
4.000000
4.100000
3.100000
3.900000
3.900000
3.750000
4.250000
3.600000
4.150000
3.900000
3.800000
4.050000
3.850000
4.100000
3.300000
3.650000
3.700000
4.400000
3.900000
3.850000
4.600000
3.900000
3.450000
3.700000
3.225000
3.900000
3.750000
3.200000
3.850000
4.050000
3.400000
3.950000
4.000000
3.750000
3.800000
4.200000
3.500000
3.850000
4.100000
4.200000
4.300000
3.850000
3.750000
4.150000
3.800000
3.150000
4.250000
4.000000
3.900000
4.050000
3.700000
3.600000
4.350000
3.850000
4.250000
3.550000
4.000000
4.050000
3.900000
3.700000
3.450000
3.750000
4.300000
4.050000
3.500000
4.250000
3.900000
4.450000
3.850000
3.750000
4.200000
3.750000
3.600000
3.800000
3.850000
3.550000
4.300000
4.000000
3.750000
4.000000
3.800000
3.550000
4.150000
3.400000
3.450000
3.550000
2.800000
3.850000
4.200000
3.850000
3.300000
4.000000
3.650000
3.900000
4.150000
3.650000
4.100000
3.950000
4.000000
3.900000
3.950000
3.950000
3.350000
3.850000
4.200000
3.450000
3.700000
4.050000
4.000000
3.550000
3.800000
3.850000
4.100000
3.850000
3.800000
3.900000
3.950000
4.000000
3.650000
3.750000
4.050000
4.200000
3.900000
4.000000
4.200000
3.800000
4.050000
4.150000
4.200000
3.850000
3.800000
4.050000
3.850000
3.850000
4.100000
3.700000
3.950000
3.450000
3.850000
3.750000
3.750000
3.450000
4.050000
4.000000
3.500000
4.250000
3.500000
4.350000
4.100000
4.150000
3.500000
4.150000
3.800000
3.850000
3.700000
3.700000
3.950000
3.900000
3.600000
3.950000
3.950000
4.050000
4.000000
3.700000
3.700000
3.500000
15674:
3.400000
3.800000
3.200000
3.750000
3.550000
3.500000
3.400000
3.600000
2.900000
3.600000
3.000000
3.400000
3.550000
3.800000
3.600000
3.850000
4.050000
4.000000
3.100000
3.750000
3.350000
3.400000
3.750000
3.000000
3.650000
3.050000
3.750000
3.800000
3.400000
3.500000
3.200000
3.600000
2.950000
3.250000
3.950000
3.800000
3.700000
3.600000
3.650000
3.700000
3.600000
3.800000
3.850000
3.000000
3.400000
2.900000
3.350000
3.600000
3.300000
3.450000
3.075000
3.700000
3.750000
3.150000
3.350000
3.700000
3.800000
3.700000
3.250000
3.400000
3.250000
3.600000
3.600000
3.950000
3.900000
3.875000
4.000000
3.500000
3.350000
3.700000
3.400000
3.600000
3.250000
2.800000
3.550000
3.600000
3.750000
3.800000
3.100000
3.000000
3.500000
3.150000
3.550000
3.700000
3.650000
3.650000
3.050000
3.300000
3.800000
3.800000
3.400000
3.650000
3.500000
3.250000
3.100000
3.600000
3.850000
3.800000
3.800000
3.250000
3.850000
3.300000
2.900000
3.750000
3.750000
3.700000
2.400000
15358:
3.000000
2.700000
2.750000
3.200000
3.700000
3.050000
2.400000
11283:
3.750000
3.400000
6632:
3.300000
3.100000
3.250000
2.750000
2.700000
3.550000
2.950000
2.850000
3.150000
2.950000
3.600000
2.725000
3.700000
3.650000
3.550000
1.950000
3.300000
3.650000
15440:
3.300000
3.550000
3.350000
3.850000
3.400000
3.100000
3.250000
3.100000
2.850000
3.150000
3.550000
3.100000
3.150000
3.450000
3.300000
3.050000
3.100000
3.300000
2.850000
3.450000
3.850000
3.500000
2.450000
4.100000
3.450000
3.900000
3.600000
2.950000
3.800000
3.600000
3.500000
2.850000
3.950000
3.100000
3.550000
2.550000
3.550000
3.400000
3.300000
3.450000
2.550000
3.900000
2.550000
3.250000
3.150000
3.850000
3.650000
3.900000
3.450000
3.200000
4.050000
3.350000
3.050000
8783:
3.225000
4081:
2.800000
3.400000
3.000000
2.200000
1263:
3.171429
7219:
4.150000
3.900000
3.500000
16128:
4.050000
3.900000
3.900000
3.300000
3.500000
4.250000
3.650000
3.750000
3.650000
3.550000
3.850000
4.150000
3.250000
3.300000
4.250000
3.450000
2.900000
3.850000
4.400000
3.350000
3.850000
4.300000
3.900000
3.500000
3.550000
3.750000
3.850000
3.450000
3.850000
4.000000
4.050000
4.000000
3.350000
3.900000
4.050000
4.000000
3.700000
3.900000
4.350000
3.850000
4.000000
3.400000
3.800000
4.150000
4.400000
3.550000
3.550000
3.894444
3.700000
3.500000
3.950000
4.250000
3.038889
4.500000
3.950000
4.300000
3.500000
3.350000
3.887500
3.250000
3.350000
3.500000
3.300000
4.050000
3.650000
3.400000
4.150000
4.050000
3.850000
3.750000
3.550000
3.900000
3.750000
3.650000
3.900000
3.900000
3.750000
3.350000
3.750000
4.000000
3.550000
3.850000
4.050000
3.250000
3.850000
3.300000
3.700000
3.550000
3.450000
3.500000
3.500000
3.400000
3.200000
4.100000
3.750000
3.550000
3.650000
3.400000
3.700000
4.000000
3.750000
4.100000
3.700000
4.150000
3.950000
3.650000
3.750000
2.866667
4.150000
3.300000
3.700000
3.750000
4.150000
3.400000
4.050000
3.450000
3.750000
3.550000
3.650000
3.900000
2.950000
2.700000
4.250000
3.950000
3.550000
3.350000
4.000000
3.600000
4.450000
3.300000
3.600000
3.450000
4.200000
3.450000
4.050000
3.450000
4.550000
4.200000
4.100000
3.300000
3.550000
3.500000
4.150000
3.900000
3.700000
3.900000
3.300000
4.000000
3.600000
3.200000
3.450000
3.950000
4.050000
3.450000
3.550000
4.100000
3.700000
3.650000
3.500000
3.600000
3.350000
3.175000
3.700000
3.250000
3.500000
3.800000
4.050000
3.775000
3.250000
3.800000
4.100000
3.650000
2.750000
3.300000
3.450000
4.200000
3.500000
3.400000
4.000000
3.450000
3.800000
4.050000
3.350000
3.150000
3.800000
3.400000
3.500000
3.900000
3.950000
3.300000
3.550000
3.600000
3.000000
3.450000
3.900000
3.800000
2.750000
3.450000
3.800000
3.700000
3.600000
3.000000
3.000000
3.800000
3.500000
3.850000
3.450000
4.000000
3.950000
3.750000
3.150000
4.050000
3.450000
3.550000
4.061111
4.000000
4.050000
4.200000
4.000000
4.050000
3.900000
4.250000
3.400000
4.000000
3.350000
3.950000
4.050000
4.050000
3.550000
3.800000
3.750000
4.050000
4.150000
3.550000
3.900000
3.900000
4.100000
4.350000
4.500000
4.200000
3.400000
4.050000
3.250000
4.200000
3.750000
3.600000
4.100000
3.900000
3.900000
4.150000
4.000000
3.450000
4.150000
3.750000
3.450000
4.300000
3.400000
3.450000
3.800000
2.883333
2.450000
4.100000
3.350000
3.800000
3.100000
3.400000
4.150000
4.000000
2.850000
3.450000
3.850000
4.200000
4.350000
4.350000
4.200000
4.000000
3.700000
4.000000
3.900000
3.800000
4.350000
3.400000
3.400000
4.150000
4.000000
3.500000
3.500000
3.900000
4.100000
3.850000
3.700000
3.850000
3.100000
3.400000
3.300000
3.800000
3.750000
3.650000
3.200000
3.700000
3.300000
3.250000
3.700000
4.250000
3.750000
3.500000
3.500000
4.300000
3.600000
3.400000
3.550000
3.400000
3.900000
3.900000
3.750000
4.050000
3.350000
3.550000
3.550000
4.050000
4.550000
3.500000
3.850000
4.050000
3.250000
3.800000
3.750000
3.600000
4.050000
3.700000
3.350000
3.750000
3.700000
3.600000
3.650000
3.150000
3.350000
3.500000
4.000000
3.850000
3.850000
3.750000
3.750000
3.900000
4.200000
3.750000
3.950000
3.050000
4.100000
3.800000
4.050000
3.550000
4.250000
3.000000
3.550000
4.050000
3.550000
3.550000
3.450000
4.150000
3.450000
3.300000
3.700000
3.500000
2.900000
3.850000
3.550000
3.350000
3.850000
3.800000
3.250000
3.300000
4.250000
3.200000
4.050000
3.750000
4.350000
3.250000
3.600000
3.900000
3.700000
3.900000
3.600000
3.600000
3.450000
3.250000
3.800000
3.900000
3.950000
3.850000
3.550000
3.100000
2.650000
3.650000
3.350000
4.400000
3.750000
3.550000
2.950000
3.200000
4.000000
3.300000
3.750000
3.950000
4.400000
3.650000
3.400000
3.350000
4.150000
3.600000
3.750000
4.000000
3.250000
2.950000
3.500000
3.750000
3.450000
4.050000
4.100000
4.250000
3.400000
3.950000
3.650000
2.800000
3.000000
3.350000
3.950000
3.350000
2.950000
3.750000
3.600000
3.900000
3.050000
4.350000
4.000000
4.100000
4.350000
3.750000
4.150000
3.900000
3.150000
3.850000
3.450000
4.400000
4.600000
3.650000
3.850000
3.800000
3.550000
3.900000
3.900000
4.050000
3.350000
3.700000
4.050000
3.900000
3.350000
3.200000
2.950000
4.150000
3.950000
4.250000
3.850000
3.550000
3.550000
2.950000
3.850000
3.600000
4.100000
3.950000
3.350000
3.550000
3.050000
4.250000
3.250000
3.050000
3.400000
3.300000
3.850000
3.650000
3.850000
3.450000
3.500000
3.850000
3.600000
3.750000
4.100000
3.200000
4.150000
3.400000
3.800000
4.050000
3.650000
3.300000
3.400000
3.900000
3.850000
3.600000
3.700000
3.000000
4.250000
3.100000
4.300000
3.800000
3.450000
3.500000
3.800000
4.250000
4.050000
3.200000
3.750000
4.050000
4.050000
3.750000
3.400000
3.700000
3.500000
3.650000
3.500000
4.200000
3.450000
3.950000
4.050000
3.300000
3.450000
4.600000
3.800000
3.650000
3.500000
3.550000
3.350000
3.350000
4.050000
4.100000
4.400000
3.300000
4.000000
3.100000
4.000000
4.150000
3.950000
4.000000
3.900000
3.850000
3.600000
3.900000
2.950000
3.750000
3.500000
3.850000
3.850000
3.800000
3.400000
3.950000
3.850000
3.950000
4.300000
4.250000
4.100000
4.200000
4.050000
3.400000
3.750000
3.350000
3.800000
3.700000
3.850000
3.400000
3.700000
3.650000
3.650000
3.550000
4.300000
4.050000
4.250000
3.100000
3.400000
3.750000
3.750000
3.600000
3.450000
4.050000
3.750000
4.050000
3.650000
3.200000
3.600000
4.050000
3.550000
3.550000
3.200000
3.700000
4.700000
2.700000
3.750000
4.050000
3.300000
3.600000
3.000000
3.900000
3.650000
4.450000
4.150000
3.900000
3.400000
3.600000
3.600000
3.800000
3.750000
3.650000
4.500000
3.750000
4.150000
3.650000
3.550000
12730:
2.900000
3.100000
3.300000
2.850000
2.650000
2.600000
2.350000
3.100000
3.200000
14632:
3.400000
3.250000
3.200000
3.700000
3.050000
3.500000
10510:
3.050000
3.400000
3.400000
3.050000
16650:
3.000000
14497:
3.150000
2.900000
7180:
3.550000
3.300000
2.750000
3.500000
3.300000
2.800000
3.300000
3.150000
3.400000
3.250000
3.300000
3.500000
2.800000
3.000000
2.500000
3.500000
2.750000
3.600000
3.100000
15113:
3.500000
