14370:
2.833333
4584:
1.500000
8619:
3.000000
2.800000
2.600000
3.300000
2.600000
2.900000
3.200000
3.200000
3.300000
6085:
3.900000
3.800000
3.600000
3.600000
4.100000
3.500000
3.500000
3.600000
3.700000
15389:
3.900000
3.800000
5561:
3.500000
4.000000
4.100000
4.400000
4.000000
3.800000
4.400000
4.000000
4.000000
4.200000
4.000000
4.200000
4.000000
3.900000
3.200000
3.500000
4.100000
4.100000
4.100000
4.000000
4.100000
3.400000
4.200000
4.000000
3.700000
3.700000
3.700000
3.900000
4.100000
4.400000
3.700000
4.000000
13352:
2.625000
12003:
3.600000
3.500000
3.000000
3.800000
3.400000
3.600000
3.900000
3.100000
3.400000
3.000000
3.700000
3.600000
2.900000
3.400000
3.400000
3.600000
3.900000
3.800000
3.300000
3.700000
3.100000
4.100000
4.200000
3.700000
3.300000
3.800000
3.500000
3.400000
3.700000
3.800000
3.300000
3.400000
3.700000
3.700000
3.800000
3.100000
3.700000
3.300000
3.100000
3.800000
3.500000
3.400000
3.200000
3.000000
3.000000
3.600000
3.400000
3.700000
3.400000
3.700000
15881:
3.000000
6123:
2.600000
2.700000
2.600000
2.600000
2.900000
1348:
2.714286
5732:
3.800000
4.400000
3.600000
3.800000
4.300000
3.700000
4.300000
4.000000
4.000000
3.800000
4.200000
4.400000
4.100000
3.600000
4.000000
4.700000
3.900000
4.000000
3.500000
4.600000
3.600000
4.000000
3.600000
4.100000
4.300000
4.600000
4.200000
3.600000
3.700000
4.600000
3.800000
3.500000
3.500000
3.800000
4.300000
4.700000
4.100000
4.200000
4.500000
4.200000
3.900000
4.000000
4.000000
3.900000
4.000000
3.800000
4.400000
7705:
2.800000
2.500000
3.400000
2.800000
11890:
3.300000
10276:
4.400000
424:
3.800000
3.200000
3.400000
3.500000
2.500000
4.100000
4.100000
3.300000
3.300000
3.300000
3.700000
4.100000
3.700000
3.200000
3.700000
3.900000
3.500000
3.400000
4.100000
3.700000
3.900000
3.100000
8539:
3.400000
3.400000
3.700000
3.800000
3.300000
3.500000
3.800000
8376:
3.400000
4.200000
3.700000
3.300000
3.500000
10271:
3.000000
3.200000
3.500000
3.100000
3.500000
3.400000
3.200000
226:
2.000000
8576:
2.600000
1897:
3.400000
12962:
2.875000
3835:
2.400000
2.500000
3.100000
2.900000
3.300000
2.800000
2.000000
2.400000
3.100000
2.500000
2.100000
2.500000
13102:
2.100000
2.600000
2.500000
2.900000
3.100000
2.100000
2.900000
2.700000
10851:
3.900000
3.200000
3.400000
3.800000
3.400000
7055:
3.200000
3.100000
3.200000
3.200000
3.200000
3.200000
4.100000
3.400000
2.600000
3.000000
3.200000
3.700000
3.700000
3.400000
3.600000
3.400000
3.000000
3.000000
3.400000
3.300000
3.500000
3.500000
2.800000
3.500000
3.200000
3.500000
3.200000
3.800000
3.200000
3.500000
3.700000
3.000000
3.400000
3.700000
2.700000
2.600000
3.500000
3.400000
3.900000
3.200000
3.100000
3.500000
3.500000
3.500000
3.200000
3.000000
3.500000
3.500000
3.200000
3.600000
3.800000
3.100000
3.500000
3.600000
3.500000
3.400000
3.300000
3.800000
3.400000
3.800000
3.200000
3.200000
2.600000
3.600000
3.400000
3.700000
3.900000
3.300000
3.500000
3.400000
3.300000
3.600000
3.000000
3.500000
3.100000
3.900000
3.500000
3.600000
3.200000
3.700000
3.100000
3.600000
3.200000
3.300000
3.400000
3.400000
3.400000
3.500000
3.800000
3.900000
3.900000
3.600000
3.200000
2.500000
3.100000
3.400000
3.800000
3.300000
3.400000
3.700000
3.300000
3.500000
3.700000
3.800000
3.500000
3.900000
3.500000
3.600000
3.600000
3.500000
3.700000
2.900000
8936:
2.000000
2.000000
2.000000
2.000000
13953:
3.111111
3.111111
3.111111
2037:
3.300000
3.400000
2.700000
2.800000
2.800000
2.800000
2.900000
2.700000
2.400000
3.000000
2554:
3.400000
2.600000
3.200000
3.500000
2.900000
3.500000
3.700000
4.300000
2.900000
3.200000
3.200000
3.500000
3.400000
3.600000
3.200000
3.600000
3.500000
3.100000
3.100000
4.000000
17603:
1.700000
2.000000
1.700000
2.000000
1.800000
1.900000
1.600000
1.800000
1.600000
2.000000
10680:
2.400000
2.400000
2.300000
3.000000
3.100000
2.200000
2.500000
2.300000
2.400000
2.700000
3.300000
2.200000
2.900000
2.400000
2.600000
1.600000
3.000000
2.300000
2.900000
2.500000
1.400000
2.200000
2.800000
2.700000
2.300000
2.600000
2.400000
2.100000
2.100000
8179:
1.000000
7693:
2.300000
2.800000
2.600000
2.800000
17243:
2.300000
3.100000
2.600000
2.800000
2.800000
3.000000
5936:
3.400000
6972:
4.000000
3.500000
3.200000
3.500000
4.200000
4.100000
2.700000
3.100000
2.500000
3.900000
2.900000
2.600000
3.500000
3.900000
3.400000
3.300000
2.800000
3.900000
3.400000
3.500000
3.400000
2.900000
2.900000
2.600000
2.600000
2.300000
3.200000
3.500000
2.300000
3.100000
2.800000
3.900000
3.800000
2.600000
3.600000
2.500000
3.600000
3.700000
2.400000
3.000000
3.100000
3.600000
3.200000
3.000000
3.900000
2.500000
3.800000
3.200000
3.400000
3.600000
4.000000
3.100000
3.200000
3.700000
3.600000
3.200000
4.600000
3.400000
1.900000
2.100000
3.400000
3.500000
4.000000
2.700000
4.300000
2.700000
3.100000
3.400000
3.700000
2.600000
3.000000
3.800000
3.100000
2.500000
2.800000
2.100000
3.200000
3.200000
3.600000
3.400000
3.700000
3.400000
2.700000
3.100000
3.900000
2.600000
3.800000
3.800000
2.800000
3.300000
3.400000
3.300000
2.500000
2.200000
4.100000
2.600000
4.000000
3.200000
3.100000
3.700000
2.600000
2.200000
3.900000
3.700000
3.100000
3.200000
2.800000
3.800000
3.600000
2.700000
3.700000
3.600000
3.500000
3.900000
3.300000
3.800000
2.800000
3.500000
2.800000
3.900000
3.200000
2.800000
2.600000
2.500000
3.700000
3.700000
3.800000
16821:
3.800000
12497:
3.400000
3.100000
2.900000
3.200000
3.200000
3.500000
3.000000
3.200000
3.400000
3.300000
3.200000
2.900000
3.400000
3.500000
3.000000
2.500000
3.300000
3.000000
3.500000
3.100000
3.000000
3.000000
2.800000
3.500000
3.700000
3.400000
2.700000
3.500000
3.000000
3.200000
3.000000
3.400000
3.700000
3.300000
3.000000
2.800000
3.300000
3.000000
2.500000
3.600000
3.600000
3.100000
3.000000
3.200000
3.500000
3.300000
2.800000
3.200000
3.100000
3.400000
2.500000
3.500000
2.900000
3.200000
3.700000
3.200000
3.400000
3.400000
3.300000
3.300000
3.200000
3.600000
2.600000
2.900000
3.000000
3.200000
2.900000
2.900000
3.300000
2.800000
3.300000
3.000000
3.400000
3.300000
3.400000
3.400000
3.200000
3.200000
3.100000
3.100000
3.200000
3.400000
3.000000
2.900000
3.300000
3.200000
2.600000
2.800000
3.500000
3.400000
3.500000
2.800000
3.600000
3.600000
3.000000
2.700000
3.700000
3.300000
3.200000
3.200000
3.000000
2.900000
3.000000
2.800000
3.200000
3.200000
3.600000
3.300000
3.100000
3.100000
2.900000
3.000000
3.100000
3.100000
3.200000
2.500000
3.200000
3.100000
2.900000
3.300000
3.200000
3.000000
3.200000
2.700000
2.900000
3.200000
3.200000
3.100000
3.400000
2.900000
3.200000
2.700000
3.000000
3.300000
3.100000
3.500000
2.700000
2.900000
3.100000
3.200000
3.600000
3.000000
3.000000
3.000000
3.000000
3.100000
3.300000
3.200000
2.900000
3.100000
3.100000
3.200000
3.400000
3.300000
3.100000
3.300000
2.500000
3.100000
3.400000
3.300000
3.100000
3.300000
12274:
3.100000
3.100000
3.100000
662:
3.800000
3.200000
3.600000
3.500000
3.800000
3.400000
4.100000
3.900000
3.300000
4.100000
3.400000
3.500000
3.400000
3.500000
3.200000
3.600000
3.400000
3.700000
3.500000
3.300000
3.200000
2.800000
3.000000
3.400000
3.900000
3.000000
3.500000
3.400000
3.900000
3.600000
3.900000
3.600000
3.100000
3.700000
3.100000
4.000000
2.800000
3.600000
3.200000
3.200000
3.200000
3.400000
3.900000
3.700000
3.700000
3.600000
2.900000
3.200000
3.500000
3.800000
11707:
2.200000
2.300000
1.900000
2.600000
2.100000
4474:
3.000000
3.000000
2.800000
2.700000
2.900000
3.300000
2.700000
3.000000
2.900000
2.600000
3.100000
2.600000
2.900000
2.600000
3.200000
2.400000
3.000000
10608:
4.200000
3.700000
3.100000
3.500000
4.000000
3.500000
3.700000
4.000000
3.500000
3.900000
3.200000
3.700000
4.200000
3.400000
3.300000
3.900000
4847:
3.900000
3.900000
3.700000
3.800000
3.500000
4.000000
4.000000
4.000000
3.500000
3.400000
4.000000
3.500000
3.600000
3.900000
3.300000
3.800000
4.000000
4.100000
4.100000
3.600000
4.000000
4.500000
3.800000
3.700000
3.800000
4.000000
3.700000
3.900000
4.100000
4.100000
3.900000
4.300000
3.900000
3.700000
3.600000
3.400000
3.700000
4.100000
3.800000
3.600000
3.600000
3.500000
4.000000
3.500000
3.900000
3.600000
3.200000
3.900000
3.600000
4.400000
3.700000
3.800000
4.100000
4.000000
4.300000
4.000000
3.800000
4.000000
4.000000
4.100000
4.100000
3.800000
4.200000
3.900000
3.800000
3.200000
3.900000
4.100000
4.300000
4.000000
4.000000
3.600000
3.900000
3.500000
4.100000
3.500000
3.900000
3.700000
4.200000
4.200000
3.900000
4.600000
3.900000
4.200000
4.100000
3.900000
3.800000
4.100000
4.100000
3.900000
4.500000
4.100000
3.800000
3.800000
4.200000
3.800000
3.600000
4.300000
3.400000
3.900000
4.100000
3.600000
3.900000
3.400000
3.700000
3.900000
3.800000
4.000000
3.300000
4.000000
4.000000
3.400000
3.500000
4.200000
4.400000
3.800000
3.900000
3.700000
4.000000
4.000000
3.800000
4.300000
3.800000
4.100000
4.000000
3.700000
3.900000
3.600000
3.700000
3.700000
4.000000
3.700000
4.100000
4.100000
3.500000
3.500000
3.600000
3.300000
3.800000
4.000000
4.000000
4.000000
3.900000
3.600000
3.900000
4.000000
3.400000
3.900000
4.000000
3.300000
3.500000
3.900000
3.800000
3.800000
3.700000
4.000000
3.900000
4.200000
4.100000
4.200000
4.100000
3.300000
3.900000
3.900000
3.900000
4.000000
3.900000
4.400000
4.100000
4.100000
3.600000
4.300000
3.800000
3.900000
3.800000
3.600000
3.900000
3.900000
4.200000
3.800000
4.000000
3.800000
4.100000
4.100000
3.400000
3.800000
4.000000
3.800000
3.500000
3.700000
4.100000
3.600000
3.600000
3.700000
3.600000
3.800000
3.500000
3.600000
3.500000
4.000000
3.900000
3.900000
3.900000
3.000000
3.600000
4.200000
4.000000
3.500000
3.700000
4.000000
3.900000
4.000000
4.000000
3.500000
3.900000
4.000000
4.300000
4.000000
4.000000
3.600000
3.600000
3.900000
4.000000
4.200000
3.800000
4.200000
4.000000
4.200000
3.900000
4.200000
3.800000
4.000000
4.000000
3.800000
3.900000
3.800000
3.800000
4.200000
3.600000
3.900000
3.800000
3.700000
3.500000
3.800000
3.900000
3.900000
4.100000
3.300000
4.100000
4.200000
4.200000
3.500000
4.300000
3.900000
4.200000
3.700000
3.700000
3.900000
3.800000
3.900000
4.200000
4.000000
4.300000
4.000000
3.800000
3.800000
3.300000
15674:
3.500000
3.300000
2.900000
3.600000
3.400000
3.500000
3.600000
3.500000
3.100000
3.500000
3.200000
3.300000
3.400000
3.100000
3.500000
3.700000
3.300000
3.400000
3.300000
3.400000
3.600000
3.100000
3.800000
3.400000
3.700000
2.800000
3.500000
3.600000
3.000000
3.100000
3.100000
3.200000
3.100000
3.100000
3.300000
3.600000
3.700000
3.400000
3.500000
3.300000
3.300000
4.200000
3.500000
2.800000
3.500000
3.000000
3.500000
3.500000
2.700000
3.400000
3.400000
3.000000
3.600000
2.700000
3.100000
3.800000
3.500000
3.500000
3.500000
3.000000
3.200000
2.900000
3.100000
3.400000
3.700000
3.500000
3.400000
3.300000
3.200000
2.900000
3.300000
2.500000
3.400000
2.900000
3.100000
3.600000
3.700000
3.100000
2.700000
3.000000
3.500000
3.000000
3.100000
3.500000
3.600000
3.100000
2.900000
3.600000
3.600000
3.100000
3.000000
3.800000
3.600000
3.700000
3.000000
4.100000
3.600000
3.600000
3.200000
3.000000
4.000000
3.100000
3.400000
3.600000
3.000000
3.500000
2.700000
15358:
2.500000
2.400000
2.400000
2.800000
2.700000
2.600000
2.700000
11283:
4.300000
3.600000
6632:
3.400000
2.700000
3.500000
2.900000
2.700000
3.000000
2.800000
3.100000
3.500000
2.300000
3.200000
2.700000
3.300000
3.300000
3.700000
2.000000
3.400000
3.400000
15440:
3.300000
3.700000
3.200000
3.100000
3.100000
3.100000
3.000000
3.100000
2.400000
2.600000
3.100000
3.000000
2.600000
3.300000
2.900000
3.000000
2.800000
3.300000
2.500000
3.500000
3.900000
2.700000
2.600000
3.900000
3.200000
3.700000
3.500000
2.600000
3.600000
3.300000
3.600000
2.900000
3.700000
3.200000
3.800000
2.900000
3.100000
3.300000
2.800000
3.500000
2.500000
3.600000
2.900000
3.400000
3.000000
3.600000
3.100000
3.700000
2.700000
3.300000
3.600000
3.500000
2.900000
8783:
3.250000
4081:
3.000000
3.000000
3.000000
3.000000
1263:
3.142857
7219:
4.200000
4.200000
3.900000
16128:
3.900000
3.800000
4.000000
3.500000
3.600000
4.100000
3.400000
4.000000
4.100000
3.300000
3.900000
3.800000
2.800000
3.700000
4.400000
4.100000
3.300000
3.900000
4.300000
3.400000
3.600000
4.200000
4.000000
3.400000
3.300000
4.100000
3.800000
3.500000
3.900000
4.200000
4.000000
3.900000
2.900000
4.300000
4.200000
3.700000
3.900000
3.900000
4.300000
4.100000
4.000000
4.000000
3.500000
3.700000
4.400000
3.900000
3.500000
3.900000
3.800000
3.300000
3.900000
4.100000
3.300000
4.500000
4.100000
3.700000
3.300000
3.600000
4.400000
3.800000
3.500000
3.700000
3.200000
4.200000
3.800000
3.700000
4.100000
3.500000
3.400000
3.900000
3.600000
3.700000
3.800000
3.700000
4.300000
3.700000
4.100000
3.500000
4.000000
3.800000
4.100000
4.200000
3.800000
3.200000
4.000000
3.500000
3.300000
3.600000
3.600000
3.900000
3.700000
3.800000
3.500000
4.000000
3.800000
3.500000
3.200000
3.600000
3.200000
4.000000
3.700000
3.900000
3.800000
4.100000
3.600000
3.800000
3.800000
2.900000
4.100000
3.700000
4.000000
4.100000
3.600000
3.600000
4.000000
4.000000
3.600000
3.500000
3.500000
4.000000
3.500000
3.400000
4.100000
4.000000
4.200000
3.900000
3.900000
3.800000
4.300000
3.200000
3.600000
3.600000
4.000000
3.700000
3.900000
3.900000
4.400000
3.800000
3.700000
3.600000
3.700000
3.400000
4.500000
3.500000
3.700000
4.200000
4.100000
4.100000
4.000000
3.000000
3.700000
4.000000
4.100000
4.100000
3.300000
3.900000
3.800000
3.800000
3.900000
3.500000
3.500000
3.600000
3.900000
3.200000
3.200000
4.100000
4.300000
4.300000
3.300000
3.800000
4.200000
3.600000
3.000000
3.600000
3.500000
4.100000
3.500000
3.600000
4.000000
3.400000
3.600000
4.400000
3.300000
3.900000
3.800000
3.600000
3.400000
4.000000
4.300000
3.500000
3.600000
3.300000
3.300000
3.600000
4.000000
3.300000
2.800000
3.500000
3.700000
3.600000
4.100000
3.400000
2.600000
4.100000
3.700000
3.900000
3.400000
3.700000
4.000000
4.100000
3.000000
4.500000
3.600000
3.800000
3.900000
4.200000
4.100000
4.100000
3.900000
4.200000
3.700000
4.400000
3.400000
3.900000
3.200000
4.200000
3.600000
4.400000
3.800000
3.500000
3.700000
3.600000
3.900000
3.500000
3.800000
3.600000
3.800000
4.100000
4.500000
4.000000
2.900000
4.100000
3.500000
4.200000
3.700000
3.800000
4.000000
3.800000
3.900000
4.300000
4.300000
3.800000
3.900000
4.000000
3.600000
3.900000
3.500000
3.400000
3.600000
4.100000
2.800000
3.900000
3.300000
3.900000
3.300000
3.300000
3.900000
4.100000
3.300000
3.700000
4.000000
4.100000
4.100000
4.400000
3.700000
3.800000
3.800000
3.900000
3.300000
3.400000
4.200000
3.300000
3.500000
3.900000
3.600000
3.400000
3.200000
4.200000
4.300000
4.000000
3.500000
3.100000
3.500000
3.700000
3.400000
3.500000
3.400000
4.000000
3.700000
3.600000
3.700000
2.400000
3.700000
4.200000
4.100000
3.900000
3.400000
4.300000
3.400000
3.400000
3.900000
3.500000
3.600000
4.000000
3.500000
4.200000
3.700000
3.900000
3.200000
3.800000
4.500000
3.600000
3.700000
4.100000
3.300000
4.000000
3.800000
3.800000
3.600000
3.900000
3.800000
3.900000
3.300000
3.400000
3.400000
3.600000
3.200000
3.600000
3.700000
3.600000
3.800000
3.200000
3.900000
3.800000
4.000000
3.800000
3.600000
2.800000
3.600000
3.800000
3.900000
3.800000
4.200000
2.700000
3.800000
4.200000
3.600000
3.600000
3.600000
3.800000
4.000000
3.500000
3.600000
3.100000
2.900000
3.300000
3.700000
3.500000
3.800000
3.400000
3.600000
3.300000
4.300000
3.300000
4.400000
3.400000
4.200000
2.900000
3.300000
3.900000
4.000000
3.600000
3.700000
3.800000
3.400000
3.700000
3.300000
3.700000
4.000000
3.500000
3.300000
3.300000
3.200000
3.800000
3.000000
4.100000
3.800000
3.400000
3.400000
3.000000
3.900000
3.300000
3.800000
3.600000
4.300000
3.800000
3.800000
3.600000
3.700000
3.800000
3.500000
3.500000
3.400000
3.200000
3.700000
3.900000
3.200000
4.400000
3.700000
3.900000
3.400000
3.800000
3.900000
3.400000
3.000000
3.400000
4.200000
3.300000
3.700000
3.500000
3.800000
3.900000
3.400000
4.400000
3.900000
4.100000
4.100000
3.700000
4.100000
4.000000
2.900000
3.700000
3.300000
4.000000
4.400000
3.800000
3.900000
4.000000
3.800000
4.000000
3.900000
3.900000
3.100000
3.500000
3.800000
3.500000
3.600000
3.400000
2.900000
4.000000
4.000000
4.000000
3.800000
3.700000
4.000000
3.300000
4.000000
3.400000
3.900000
4.200000
4.200000
3.700000
3.300000
4.300000
3.500000
3.500000
3.300000
3.700000
3.600000
3.200000
3.700000
3.500000
3.300000
3.900000
3.800000
3.700000
3.500000
3.100000
4.100000
3.200000
2.900000
3.800000
3.100000
3.300000
3.100000
3.400000
4.200000
4.000000
4.100000
3.100000
4.200000
3.100000
4.000000
3.400000
3.100000
3.600000
3.900000
4.200000
3.300000
3.300000
4.300000
4.500000
4.200000
3.900000
3.400000
3.600000
3.200000
3.400000
3.800000
4.100000
3.300000
4.100000
3.700000
3.400000
3.300000
4.500000
3.600000
3.400000
3.600000
3.800000
3.300000
3.000000
4.000000
3.900000
4.200000
3.600000
3.900000
3.000000
3.800000
4.000000
3.700000
3.700000
4.100000
3.800000
3.600000
4.400000
3.500000
4.000000
3.600000
3.900000
4.100000
4.000000
3.400000
4.100000
3.400000
3.900000
4.000000
4.000000
3.900000
4.100000
4.300000
3.500000
3.500000
3.400000
3.600000
3.800000
3.800000
3.500000
4.300000
4.200000
3.900000
3.500000
4.200000
3.900000
4.200000
3.400000
3.800000
3.700000
3.700000
4.000000
3.500000
4.100000
3.600000
4.200000
3.600000
3.700000
3.800000
3.700000
3.800000
3.700000
3.000000
3.900000
4.400000
3.400000
3.800000
4.200000
3.600000
3.700000
3.000000
3.700000
3.900000
4.200000
3.800000
3.500000
3.100000
3.600000
4.100000
3.800000
3.800000
4.100000
4.500000
4.000000
4.200000
4.000000
3.500000
12730:
1.900000
2.200000
2.200000
2.400000
1.800000
2.000000
2.400000
2.200000
2.200000
14632:
3.300000
2.900000
2.700000
3.600000
3.300000
3.000000
10510:
3.200000
3.000000
3.200000
3.000000
16650:
2.500000
14497:
3.300000
3.500000
7180:
2.900000
3.100000
2.800000
3.500000
2.500000
2.700000
2.900000
2.900000
2.900000
2.800000
3.200000
2.900000
2.700000
2.800000
2.700000
3.200000
2.700000
3.200000
3.000000
15113:
3.000000
