14370:
3.328634
4584:
1.900450
8619:
3.539906
3.485666
3.231715
3.239532
2.879154
3.348742
4.039425
3.482009
3.652254
6085:
4.271120
3.925376
4.162148
4.224950
4.308776
4.211075
4.216255
3.529170
4.296247
15389:
4.317610
4.089756
5561:
4.094794
3.798532
4.360322
4.301969
4.293248
4.260378
4.141697
4.263273
4.335922
4.222892
4.232203
3.871528
4.332163
4.543541
4.195364
3.964219
4.059425
4.003347
4.362968
4.053844
4.213472
3.618752
4.211223
4.392135
4.098032
4.269111
4.422153
3.934528
4.178938
4.087297
4.085027
4.293028
13352:
3.301881
12003:
4.239490
3.834247
3.634448
3.643828
3.665663
3.986758
3.539444
4.063863
3.814267
3.778833
3.748492
3.780153
3.765174
3.931188
3.702635
3.840206
4.108271
3.811773
4.008939
3.849413
3.772476
3.846196
3.974079
4.111632
3.777360
3.785216
3.856147
3.838611
3.812402
4.090276
3.854575
3.635445
3.533009
3.984883
3.910074
4.103663
4.388017
3.627236
4.238136
3.904226
4.384650
3.921835
4.144572
3.555655
3.983149
3.705609
3.993342
4.083631
4.022892
3.635252
15881:
3.323698
6123:
3.470444
3.559294
3.358361
3.623792
3.625458
1348:
3.084209
5732:
5.000000
4.763310
3.538465
4.532599
4.589814
3.975824
4.612125
3.730395
4.845803
4.206524
4.024637
4.244645
3.773346
4.254259
4.348541
4.341686
4.859526
3.498174
3.705778
4.738624
3.794429
3.826717
4.061484
4.190637
4.056579
4.279860
4.808728
4.632243
4.357059
4.421619
4.078699
4.601571
3.973273
4.213162
4.035935
4.441858
3.966513
4.567161
4.139827
4.494736
4.695695
4.374351
3.618212
4.022799
3.435047
4.450098
4.585471
7705:
3.471601
3.403638
3.598438
3.557214
11890:
3.546122
10276:
4.268065
424:
3.927385
3.532286
4.146392
3.486120
3.004759
3.914112
3.840888
3.853763
3.966123
3.943152
2.802911
3.770395
4.114106
3.700766
4.256964
3.778879
3.711146
4.088079
4.056831
3.970508
3.667497
4.207049
8539:
3.913056
4.094784
3.990110
3.874207
3.946693
4.066869
4.118352
8376:
3.686686
3.871720
4.006365
3.888191
3.700183
10271:
3.920647
3.669653
3.565717
3.619480
3.955276
3.556345
3.792227
226:
3.064162
8576:
2.227461
1897:
3.708960
12962:
3.222400
3835:
3.581124
3.350302
3.471134
3.260120
3.212648
3.458387
3.392357
3.182922
3.612132
3.251373
3.121298
3.316102
13102:
3.305925
3.507568
3.884858
3.314805
3.922774
3.498062
3.803812
3.523232
10851:
4.153871
3.900275
4.057877
3.958329
3.952418
7055:
3.755386
3.786740
3.366560
3.305251
3.862848
3.017406
3.955192
3.807240
3.784000
3.501533
3.627762
4.048430
4.153988
4.206026
4.073761
3.485381
3.240155
3.805511
4.011094
3.792830
3.599944
3.326145
3.518349
3.952847
3.744686
3.898171
4.425754
3.552351
3.752874
3.796027
3.539686
3.515406
4.058657
3.994246
3.250302
3.536362
3.778670
3.877805
3.965989
3.738481
3.667690
3.994799
3.678373
3.355221
3.798519
3.821987
3.710976
3.873947
3.452868
3.813303
3.976296
4.022449
3.802252
4.086175
3.587180
4.124854
3.935366
3.928299
3.918715
3.577774
4.024366
3.982582
3.590210
3.372315
3.861255
3.890496
3.810187
3.655186
4.114014
4.267706
3.916368
3.402600
3.149095
3.812395
3.675897
3.846376
3.846436
3.943290
3.972234
4.592168
3.008573
3.722242
4.007610
3.562015
3.774983
3.653579
3.503677
3.741199
3.755190
3.882248
4.055220
3.793015
3.561256
3.955540
3.941371
3.939592
4.105064
3.640528
3.727370
3.770555
3.778520
3.883022
3.554298
3.784935
4.064402
3.907202
3.721333
3.728648
3.755272
3.824684
3.811271
4.015110
8936:
2.576817
2.576817
2.576817
2.576817
13953:
3.536584
3.536584
3.536584
2037:
3.689022
3.774439
3.284946
3.573377
3.669494
3.614939
3.670173
3.367507
3.658237
3.519983
2554:
3.723536
3.442455
3.734463
3.906035
3.466834
3.684132
3.540020
3.971688
3.798381
3.866930
3.784266
3.709768
3.757565
3.712592
3.674001
4.151943
4.053843
3.718256
3.694768
4.037232
17603:
3.191885
3.341703
3.426293
3.404492
3.365570
3.718958
3.263178
3.138695
3.297128
3.122146
10680:
2.984615
2.323685
3.409361
3.567956
3.181434
2.354485
3.296806
3.242106
2.570525
3.387960
3.433607
3.643541
3.486698
2.283437
3.385714
2.723105
3.602367
3.413365
3.569821
2.786700
3.095146
2.744829
3.502803
3.487649
2.899001
3.476555
2.689735
3.545588
3.080683
8179:
1.000000
7693:
2.816439
3.403608
3.398920
3.536856
17243:
3.203949
3.480860
3.554405
3.291952
3.523050
3.480427
5936:
3.586806
6972:
4.468047
3.229470
3.376148
4.317136
3.905858
3.588664
3.914859
3.137109
2.632647
4.303701
3.715451
3.624172
2.853180
4.738495
2.837102
3.422502
1.981472
3.801368
4.653367
3.852311
3.821101
3.860224
3.085309
2.426656
3.423582
3.640548
4.075273
3.767889
2.962508
3.802681
2.817506
4.464078
3.819312
2.325661
4.543400
3.954736
3.818365
3.346730
3.443139
2.660846
3.821342
4.654986
4.220386
3.376185
3.837698
2.025869
3.441013
3.367915
3.317444
4.249934
3.837510
2.737210
3.869767
3.648454
4.207843
3.828879
4.489379
4.401765
3.077537
2.685997
4.310533
3.725567
3.743719
4.098518
3.872490
3.299286
4.245454
4.033253
3.588010
3.292055
4.027926
3.574817
4.036352
3.389440
4.296664
3.049786
4.075508
3.593453
3.830689
4.126887
3.571968
4.050173
2.605441
3.894340
4.230217
3.087845
3.017938
4.972794
3.411816
3.822672
3.594235
3.648860
3.560734
3.718440
4.392450
2.793910
3.233254
3.470620
4.057778
3.875865
3.680179
2.466149
3.936997
3.550992
3.350365
3.369911
3.364374
4.030718
4.782565
3.366130
4.149911
2.918210
4.275785
4.379721
2.712802
3.740630
2.064121
3.684773
2.481886
3.852028
3.389303
3.039785
3.618424
3.223240
4.507913
3.945281
4.243435
16821:
3.888808
12497:
3.888551
3.477485
2.054018
3.855276
3.217016
3.399098
3.698145
3.760917
3.378320
3.518348
3.316692
2.463941
3.622549
2.918121
3.686039
1.984537
3.320383
3.354649
3.967664
2.587505
3.971098
3.663993
3.037050
3.775267
3.748842
3.684080
3.099624
3.803474
3.508887
3.399548
3.769995
3.696328
3.222149
3.685719
1.852787
2.615871
3.465102
3.210009
3.162520
3.564458
3.793527
3.863449
3.239063
3.307795
3.807662
2.840428
2.741839
3.583454
3.286410
3.555765
2.525204
3.369605
3.759380
3.200360
1.859407
3.255167
3.341428
3.865654
3.533203
3.752494
3.345813
3.494276
3.150962
4.007627
3.429110
3.646633
2.625276
3.776588
3.708703
2.774516
3.118999
3.846317
3.368193
3.398916
2.836322
4.119771
3.867861
3.511272
3.237702
2.984328
3.601636
4.480031
3.726172
1.563591
3.758906
3.550057
3.432571
3.290441
3.013178
3.798629
2.882355
3.947236
3.448142
2.854881
2.874599
3.614573
1.632390
3.627321
3.541437
3.483818
3.591051
2.479924
3.166136
3.645760
3.077602
3.480205
3.577095
2.825229
3.378943
3.838091
2.862793
3.717381
3.516537
3.094026
3.449423
4.321161
3.240329
3.698830
3.024137
3.313895
3.549259
2.170884
3.593025
4.146972
3.051609
3.839938
3.671079
2.961344
3.549723
3.342629
1.985127
2.704893
3.062360
3.823047
3.844998
3.122680
2.747506
3.374304
3.700947
3.831868
3.227504
3.692940
3.669331
3.230183
2.789713
3.663814
3.689605
3.733077
3.695809
2.910600
2.370135
3.549422
3.645040
3.886685
2.867378
3.511053
3.693801
3.256035
3.017279
2.982007
3.630547
2.507797
12274:
3.784023
3.784023
3.784023
662:
3.874322
3.614932
4.062353
4.266120
3.737844
3.768057
4.073472
3.869796
3.980862
3.761621
3.941914
3.988308
3.989475
3.802573
3.919328
3.767454
3.967317
3.858390
4.098536
3.715217
3.812412
4.000014
3.907852
3.795416
4.000289
3.942208
4.144693
4.070039
4.186234
3.965474
4.008853
3.769995
3.725580
3.823866
3.774353
3.913604
3.965181
4.033113
4.026936
3.958346
3.816446
3.821082
4.000100
3.870653
3.782443
4.023220
3.952867
3.833936
4.013627
3.897851
11707:
3.253496
3.075695
3.058365
3.031855
3.300619
4474:
3.383754
3.071156
3.516555
3.516807
3.943016
3.710492
3.449139
3.536632
3.576721
2.991112
3.540693
3.644461
3.457759
3.236889
3.670288
3.432492
3.279628
10608:
4.465747
3.466606
4.110410
3.759549
4.019721
4.047772
4.038478
4.191184
4.429947
3.663789
3.488255
4.116390
4.358857
4.439383
3.591458
3.926140
4847:
4.183450
4.531766
4.466868
4.117921
3.961250
4.299884
3.930299
4.629561
4.184199
4.106397
4.005254
4.144472
4.459665
3.981154
4.030905
4.170804
3.721577
4.086483
4.100377
4.052847
4.163345
4.049938
4.398026
4.134399
4.127464
4.666485
4.265374
4.058872
4.090394
4.019034
4.474289
4.516959
3.733372
4.062360
4.207211
4.025724
4.173230
4.307505
3.600282
4.341047
4.140371
4.048122
4.070915
4.010017
4.429827
4.562800
3.961309
4.238344
3.901757
4.545305
3.846300
4.132814
4.356233
4.263075
4.159314
4.135969
4.416266
4.218670
4.280891
4.080875
3.979465
4.109926
4.405213
4.048114
3.994302
3.804961
4.329906
4.595463
4.131083
3.683531
4.498782
4.410156
4.431114
4.005307
4.383932
4.179653
4.180161
3.811126
4.127767
4.077309
4.528197
3.959403
4.302479
4.129801
4.238759
4.091989
4.140423
4.503490
4.021823
3.938559
3.972376
4.209298
4.382905
4.328034
4.392645
3.763035
4.065399
4.230168
3.629432
4.208606
4.079772
4.078612
4.224946
3.866639
4.073804
4.032329
3.862998
4.306531
4.085151
4.084804
4.311650
4.350580
4.087356
4.377094
4.091400
4.435261
3.986931
4.234475
4.391384
4.105952
4.456414
4.258608
4.089694
4.255140
3.675950
3.874278
4.076947
4.226474
4.020909
3.846318
4.166746
4.095881
4.221129
4.229980
4.423236
3.781455
4.221654
3.837728
4.606522
3.658033
4.237665
3.946331
4.256124
4.139692
4.184751
4.225668
3.765846
4.279451
3.976245
4.321221
4.527078
4.368224
4.021120
4.155819
3.950495
3.682591
4.105584
4.329997
3.831091
4.028728
4.298316
4.031224
4.011689
4.123003
4.075814
4.220668
4.317605
4.083928
4.061242
3.847121
4.072404
4.446246
4.465661
4.170952
4.083028
4.496170
4.671700
4.227933
4.594839
3.956742
4.891137
4.084855
4.275536
4.377311
3.728637
4.196095
3.948611
3.902166
3.991677
3.729560
4.678551
3.749966
4.316988
4.664479
4.259878
4.193017
4.061827
3.958732
4.501111
4.193222
4.076893
4.250625
4.224908
4.004534
4.352340
4.315023
4.327852
4.066840
4.248164
4.343581
3.990258
4.180702
4.363548
4.091292
4.068489
4.671571
4.131179
4.273081
4.217027
4.211823
3.718229
4.364404
3.969981
4.071690
4.268299
4.163912
4.057489
4.575466
3.644135
4.215607
4.150847
4.234637
3.949388
4.124536
4.286635
3.800573
4.481879
4.443337
4.158585
4.376416
4.056583
4.085651
4.430837
4.111224
4.683925
4.253034
4.093067
4.532561
4.226265
4.212846
4.136060
4.089773
4.458605
4.384943
4.350072
4.555692
4.252800
3.898762
4.088658
4.207554
4.448643
4.390104
4.601167
4.269941
4.180711
3.932804
4.499720
15674:
3.346012
3.784142
3.664339
3.667339
3.495896
3.670028
4.231458
3.918941
3.831036
3.906122
4.215202
3.628933
4.514745
3.381746
3.687646
4.605093
3.851788
3.837111
3.830312
4.231123
3.031813
3.762042
3.756950
3.318811
4.294791
3.886866
3.778613
3.714542
3.647006
3.721388
3.835654
4.049033
3.326309
4.185975
3.984365
4.121454
3.915317
3.810682
4.421928
4.720305
4.290890
3.560858
4.139250
3.518400
3.671723
3.705453
3.799505
3.905578
4.281393
4.188870
3.558740
3.902259
4.240330
3.405952
3.485370
4.657436
4.464840
3.636139
3.836249
3.798559
4.031225
3.836162
3.645462
4.581140
3.724212
3.855229
3.595314
4.100939
3.030031
3.351630
3.493281
3.764139
3.961955
2.727964
3.785472
3.632931
4.054381
3.777919
3.639005
3.767811
4.382520
3.589246
3.672115
3.757836
3.551394
4.530930
4.017032
4.135947
3.562555
4.006358
4.146739
3.824980
3.619302
4.181509
4.045962
4.553621
3.535243
3.565275
3.961347
3.178611
4.306699
3.469669
3.637040
4.119320
4.239665
3.772934
3.401430
15358:
2.583365
2.585699
2.466235
2.951967
2.701337
3.230013
3.299336
11283:
4.411539
4.006292
6632:
3.035045
3.348441
3.089697
3.551411
3.299264
3.336997
3.262473
3.086723
3.525337
3.167129
3.600746
3.142908
3.646303
3.402933
3.530916
3.288196
3.836013
3.857024
15440:
3.316128
4.117535
3.818257
3.782008
3.635407
4.001392
3.639703
3.556531
3.484526
3.606076
3.831171
3.884874
3.803361
4.067043
3.810465
3.550970
3.355356
3.854193
3.477594
3.698258
3.922095
3.943219
3.355169
3.942812
3.456677
3.782480
3.738900
3.537747
3.786373
3.856936
3.916587
3.616405
4.062261
3.065056
4.207601
3.376598
3.889779
3.931388
3.723714
3.632677
3.544874
3.792576
3.448053
3.708462
4.040078
3.425790
3.716890
3.884667
3.939881
3.391728
3.805216
3.876593
3.524371
8783:
4.288354
4081:
3.407253
3.407253
3.407253
3.407253
1263:
3.606868
7219:
4.176857
4.282737
4.232023
16128:
4.187722
4.090776
4.337306
3.510807
4.015653
4.154576
4.005439
3.941563
4.198617
4.104267
4.139433
3.719947
3.487671
4.114180
4.195235
4.179210
3.786193
3.580798
4.233373
3.529570
4.075921
4.337301
4.290140
3.859347
3.914670
3.718962
4.063236
3.585765
4.084000
4.124734
4.203588
4.006555
3.405078
4.203199
4.245460
3.600237
3.821196
4.547921
4.007006
4.069049
4.092138
4.099873
4.097054
4.306904
4.499047
4.240206
4.256049
4.123415
4.229120
3.868135
4.469805
4.023592
3.988669
4.088185
4.028476
4.438976
3.274068
3.789696
4.618567
3.675825
3.783277
3.958909
3.693882
4.263298
4.523639
3.441987
4.416372
4.119353
4.086923
4.052542
3.684389
3.820421
4.148359
3.095947
4.485327
4.349407
3.689804
3.927401
4.008296
4.510028
4.058312
4.337891
4.112923
3.625293
4.332429
4.037179
3.855890
4.035405
3.713231
3.845102
4.066303
4.083997
3.717583
4.249960
4.227833
3.904163
3.941163
3.557662
3.494502
4.358131
3.752511
4.309171
3.898887
4.149890
4.361339
3.979902
3.996564
3.716402
4.176730
3.781526
4.536564
3.891734
4.019266
3.868068
4.203603
3.939825
4.102107
3.751519
3.614510
3.849324
3.324858
3.756167
4.339733
3.961998
4.145315
4.408832
4.501804
4.089942
4.475920
3.088460
4.233773
3.826420
4.092238
3.869941
4.320688
4.017063
4.107665
4.454136
4.341186
3.924602
3.975758
4.246420
4.444138
3.463646
3.953386
4.568970
3.645297
4.029996
3.506534
3.605079
3.636283
4.228540
4.389471
4.361284
3.967638
4.107830
4.225524
4.272813
4.269934
4.327012
4.180780
3.970128
4.286162
4.056607
3.727756
4.561885
3.810133
4.110012
3.825054
4.336496
4.340171
3.684319
3.484510
3.992128
3.941616
4.262391
4.026342
4.256339
4.470659
3.755210
4.770477
3.981931
3.527590
3.980933
4.438201
3.950068
3.931124
3.212277
4.630627
4.094672
4.107607
3.947235
3.632716
4.062052
3.827303
4.116419
3.452824
4.472623
3.885029
3.420079
3.889040
4.504565
4.206920
4.065337
3.757594
3.884169
4.149348
3.842545
4.094412
3.874733
3.585932
4.155032
4.112508
4.202168
3.891037
4.274244
4.286331
4.011573
4.205272
4.306142
4.316232
3.973202
3.803786
3.722476
4.029052
4.263794
4.224428
4.372364
3.779990
3.804023
4.166187
3.898856
4.173994
4.291489
4.260937
3.438486
4.098877
3.896552
4.534571
4.316287
3.626604
4.254749
4.098254
4.387715
4.200092
4.093846
4.739798
3.904719
4.254712
4.164838
4.571909
4.118417
4.238260
4.082797
4.365771
4.080980
3.972373
3.624214
4.275015
4.466149
3.490650
3.865414
3.585757
4.416318
3.598020
3.853515
4.144762
4.244776
4.067538
4.067372
4.635652
3.724591
4.259380
4.199879
3.841601
4.614908
4.211753
4.367042
4.293102
3.579608
4.242982
3.799334
4.032248
4.228870
3.754818
4.406633
4.046965
4.188343
3.709479
4.007746
4.306657
4.547968
3.711025
4.153404
3.854728
3.666210
4.142789
4.213745
4.123403
4.037903
4.076397
3.589413
3.821540
3.475457
4.415911
3.563172
3.600452
4.541751
3.355772
4.085193
4.234443
3.883571
3.996527
4.056579
3.516810
4.114049
3.929653
3.845804
4.230564
3.723689
4.690292
4.000239
4.162570
3.926956
3.933750
3.732953
3.685666
3.328638
4.132842
4.348382
3.613408
4.419016
4.093535
3.854854
4.181595
3.721926
3.761401
3.485093
4.267987
3.764075
3.698288
3.947790
3.779806
4.063114
3.857994
3.657936
3.826788
3.941482
3.946084
4.721994
4.183504
4.401854
4.077586
3.625886
4.037680
4.577372
3.591952
3.827953
3.791519
4.273878
4.302319
3.727841
3.984748
3.701509
3.669651
4.170624
4.334009
4.345102
4.190463
3.978884
4.003047
3.642959
4.218802
3.615880
3.890192
4.290500
4.494411
3.681402
3.982313
4.371227
4.191957
3.587691
3.890129
4.307062
3.917008
4.104720
4.196931
3.967987
4.499976
4.379516
4.445158
4.083880
3.833400
3.978800
3.835253
4.507238
3.869508
3.629520
4.217953
3.428954
4.577792
3.622622
4.226599
4.130111
4.455666
3.785784
3.732202
3.730736
4.086628
4.207947
4.031545
4.774327
3.789459
3.582679
3.586134
3.846203
3.221015
4.193337
4.030546
4.194498
4.226731
4.265520
3.488958
3.687426
4.178272
3.465901
3.614594
3.663822
4.303262
3.830543
3.437445
3.577484
3.784909
3.748782
4.234533
4.310645
4.288554
3.457133
4.334356
4.545906
3.536279
3.710032
3.836165
4.357297
4.177007
3.931067
3.905558
4.116099
3.794582
4.574464
4.337130
4.078842
3.797046
4.312876
4.091913
4.159544
4.150067
3.680951
3.500347
4.146381
4.088207
4.398429
4.204001
4.221551
4.275452
3.476324
4.268292
3.992226
4.184136
4.156656
3.546243
3.719376
3.975924
3.660590
3.904317
3.217731
4.126489
4.054272
3.699742
3.942463
4.521014
3.577091
3.893007
4.217336
4.220018
3.889149
4.083130
4.013669
4.024415
4.278670
4.055028
3.623493
3.965063
3.651591
3.804330
4.024666
4.659731
3.967448
3.547499
4.345977
4.370401
3.689743
4.280631
3.705997
3.647084
4.202597
4.358370
4.567298
3.788447
3.909479
3.999051
4.481066
4.479590
4.159975
3.809534
4.261259
3.942712
3.916165
4.473123
4.801513
4.038089
4.004479
4.514342
4.398176
4.099811
4.642427
4.067882
4.205435
3.806341
4.157432
3.431267
3.489335
3.990038
4.416266
4.170445
3.992221
4.497723
3.289337
4.149499
4.103186
3.475024
3.445252
3.966520
4.450580
4.335568
4.157057
4.013298
4.240701
3.526920
4.141615
3.860255
4.327522
3.623828
4.266897
4.352952
4.368701
4.508371
4.311656
3.411980
4.032633
4.497527
3.736639
3.956259
3.548919
4.080295
4.194936
3.892288
3.859894
3.968411
4.425957
4.163426
3.653413
4.401231
3.740672
4.060034
3.996530
4.283956
4.076050
4.598246
3.966025
3.448893
4.067324
4.273969
4.130110
3.908810
3.564930
4.514854
4.385938
3.514891
3.808571
3.634864
4.397731
4.194017
3.624984
4.377095
3.835776
3.790055
3.794881
4.254826
3.868221
4.358434
4.546771
4.556068
4.007483
4.234134
4.064304
3.772984
3.564013
3.938073
3.807391
4.206615
3.417781
4.392189
4.032009
3.463667
12730:
2.702191
2.908173
2.304715
2.528094
2.726626
2.459265
2.594476
2.338978
2.494570
14632:
4.000431
4.010052
3.894504
3.844944
4.015949
3.816037
10510:
3.622151
3.620494
3.703514
3.608206
16650:
2.395768
14497:
4.396546
4.272991
7180:
3.575685
3.656530
3.615010
3.678527
3.362246
3.632530
3.542998
3.348102
3.336242
3.760309
3.942743
3.609119
3.442342
3.614134
3.878232
3.679487
4.020603
4.162314
3.682337
15113:
3.695094
